10023937
10023943
10024334
10025200
10026356
10027497
10027498
10027499
10028936
10030088
10030097
10030320
10030325
10047618
10063787
10068356
10073788
10073847
10073852
10075136
10075137
10075140
10080412
10081339
10081516
10081517
10082500
10088066
10090111
10091817
10095796
10097224
10097226
10099062
10099065
10099075
10099140
10100068
10150325
10155349
10169635
10178465
10189005
10190404
10190405
10192973
10193451
10193670
10197196
10204815
10206383
10208787
10212156
10215284
10215303
10218722
10220102
10220232
10220541
10220630
10220634
10220639
10221068
10229240
10235094
10235696
10321112
10321444
10323654
10327727
10329091
10331109
10335420
10337449
10337539
10337542
10338457
10339027
10342782
10347937
10349064
10349897
10356008
10362195
10368586
10371362
10376178
10376609
10376614
10376615
10377294
10379634
10381708
10382332
10385642
10385721
10385769
10386477
10389533
10392481
10394257
10404354
10404854
10404924
10404937
10406816
10409530
10411364
10411851
10412878
10413638
10419077
10420860
10423600
10423656
10424315
10427351
10429698
10439497
10441090
10445794
10448805
10449213
10449888
10454307
10455479
10457878
10466352
10466460
10467196
10485716
10486674
10490566
10495686
10496201
10498130
10503802
10508208
10509550
10510985
10511135
10513787
10517737
10523477
10523946
10524661
10524662
10525515
10525926
10529932
10535718
10539811
10539815
10545432
10546124
10548187
10551702
10552188
10552234
10555240
10557382
10558453
10561948
10569322
10569324
10577448
10577635
10580184
10588963
10589613
10590490
10590497
10592890
10593636
10595953
10603666
10614147
10618300
10619579
10624069
10630736
10631628
10631632
10634677
10636257
10642347
10650299
10650302
10652967
10653828
10654500
10654875
10655195
10655253
10666349
10672977
10673253
10673735
10676671
10678340
10680303
10682563
10682964
10686705
10687257
10692737
10694188
10694831
10694836
10695358
10695689
10698228
10702651
10709160
10714728
10716137
10718104
10718384
10721156
10724047
10728951
10731399
10732887
10733260
10734285
10735475
10737282
10737284
10738048
10740140
10742707
10742710
10746814
10747343
10748304
10749962
10751738
10752168
10758046
10759091
10759102
10760544
10761206
10776828
10783226
10789664
10800794
10801996
10803042
10803490
10806014
10806607
10808734
10808740
10811588
10818057
10818061
10819408
10820942
10821360
10821361
10826457
10826461
10826499
10826501
10827148
10829361
10832808
10834451
10835905
10837379
10839554
10840011
10840295
10841241
10841254
10853498
10853616
10853626
10855730
10856394
10856401
10856731
10856736
10857839
10860176
10861116
10862571
10867087
10867093
10868496
10872552
10872566
10873979
10877373
10878693
10891904
10894441
10895836
10896486
10898425
10903600
10904510
10908094
10908095
10908097
10912742
10912975
10917072
10918548
10919124
10920067
10923574
10924295
10924316
10927824
10933570
10934984
10935777
10937930
10937931
10937953
10937984
10937988
10938490
10938494
10938495
10938496
10942632
10942742
10946034
10950398
10951826
10951880
10952492
10952803
10954004
10954006
10954008
10955372
10961964
10972367
10972368
10972606
10977478
10978803
10979055
10980208
10980854
10980877
10981082
10981092
10981178
10983362
10987351
10987353
10989729
10993002
10993003
10995404
10997755
11004045
11009288
11014332
11022900
11023935
11025624
11039742
11041675
11045137
11045900
11053724
11054501
11054621
11055467
11055468
11056773
11057841
11058925
11059637
11059968
11060685
11061055
11069435
11070565
11071026
11076821
11078300
11079666
11081782
11082141
11082143
11083735
11083738
11085197
11085202
11086468
11089713
11092108
11093573
11094241
11095154
11099990
11103666
11104878
11113718
11113722
11113724
11115082
11116286
11122756
11124714
11126860
11127443
11127843
11129677
11130228
11130231
11130522
11130523
11132612
11133211
11139094
11144703
11150619
11151741
11152373
11157688
11159149
11161946
11161949
11163733
11163746
11165421
11165547
11171788
11174349
11175972
11176759
11179247
11182177
11182704
11189013
11190416
11191937
11195606
11196552
11198553
11199945
11201012
11201013
11204288
11206674
11207505
11208254
11211903
11212064
11214707
11214769
11216954
11216965
11216977
11216978
11219471
11220350
11222470
11224003
11224723
11225566
11230280
11230298
11231439
11231847
11239855
11244515
11246060
11246064
11246837
11249904
11251129
11252291
11255522
11255611
11255718
11256540
11259143
11259147
11263853
11264544
11265558
11265951
11271956
11273288
11273985
11273991
11275919
11277474
11281235
11281737
11283842
11288383
11288822
11288962
11292228
11293353
11296462
11298665
11298666
11300246
11303005
11305807
11312480
11317165
11317188
11317198
11321866
11322860
11323582
11324243
11324677
11333166
11333992
11334653
11345386
11356434
11357013
11368286
11376302
11378004
11378005
11378006
11378007
11378009
11378011
11378012
11386263
11386264
11386927
11395222
11396760
11399339
11401110
11401111
11401736
11402910
11403364
11403367
11409070
11410575
11413085
11416689
11416704
11419108
11422094
11423055
11423717
11426017
11428837
11430179
11430394
11433884
11434453
11435332
11435335
11435337
11435745
11441320
11444579
11453892
11461738
11465647
11465655
11465878
11465967
11465968
11466259
11467759
11467761
11468019
11470011
11470017
11472461
11477813
11479245
11482924
11485131
11486156
11487547
11489654
11493129
11498655
11499735
11500582
11503798
11504165
11511429
11511433
11511434
11511435
11511438
11518845
11518851
11520524
11526364
11526365
11526366
11527840
11543734
11547718
11548874
11549204
11551371
11551875
11558835
11558836
11561225
11565518
11574896
11576319
11579362
11579363
11581535
11583861
11583862
11583866
11585103
11588403
11589843
11589866
11593094
11593098
11593101
11593109
11595610
11595611
11595959
11601952
11602495
11603173
11606149
11607795
11641310
11641316
11674903
11675840
11677866
11679383
11684376
11684627
11684630
11684917
11685175
11688609
11688766
11691524
11692790
11693075
11699618
11700777
11702031
11702517
11703993
11711020
11720061
11720598
11721319
11721720
11723019
11723089
11724081
11726010
11727652
11728147
11731729
11731997
11734093
11734686
11736772
11738224
11738299
11738309
11740134
11740831
11742926
11744130
11745304
11747387
11748098
11751658
11755834
11759128
11759645
11765303
11768738
11770869
11773911
11773912
11777294
11780330
11782853
11783600
11787477
11788225
11790928
11791022
11791028
11792127
11796456
11801272
11801805
11804300
11805171
11806165
11809349
11810791
11812667
11812672
11821634
11822540
11822998
11823672
11826413
11826546
11830324
11833829
11835110
11835919
11836877
11840225
11845882
11851582
11862577
11863244
11868043
11868804
11871210
11871761
11875324
11877357
11880723
11881864
11882098
11884971
11888754
11889011
11890356
11895062
11899501
11903031
11903524
11907634
11910301
11910315
11910343
11912816
11913603
11916185
11918251
11923805
11926017
11927206
11927527
11927787
11937178
11937179
11938776
11940545
11941903
11950447
11957798
11959051
11959238
11960591
11967798
11975770
11975823
11975837
11978956
11981397
11984541
11986110
11986409
11992131
11992888
11997407
12003701
12003704
12007080
12007683
12008178
12010943
12012149
12015475
12016631
12019280
12020488
12021225
12022239
12023696
12027785
12028187
12029205
12031741
12034151
12034158
12035874
12036665
12037702
12040358
12042891
12045161
12045365
12047461
12047791
12049678
12049684
12053057
12053495
12060055
12062733
12067927
12067934
12074350
12075254
12075713
12082488
12083978
12084368
12086238
12090102
12091004
12096962
12096985
12105139
12106847
12107398
12107422
12107602
12113643
12114349
12116890
12116987
12117400
12117453
12117460
12118806
12119608
12119800
12123401
12123409
12126264
12126265
12131543
12135934
12140804
12142116
12147929
12147937
12149663
12149666
12151907
12152252
12167382
12167389
12167390
12167391
12169866
12172314
12172327
12172328
12172356
12175444
12175626
12182261
12195121
12195129
12195132
12195325
12198699
12198700
12201792
12204014
12204496
12204500
12204508
12204730
12208417
12209278
12225716
12225725
12227681
12228773
12228778
12228852
12229255
12230591
12230635
12230638
12230735
12231591
12239942
12243374
12243636
12243852
12269863
12296615
12357261
12358202
12359989
12360462
12365089
12365906
12368928
12372580
12374234
12381236
12383572
12384991
12386502
12389882
12390940
12390947
12392039
12397571
12398962
12398977
12401122
12401144
12417537
12417542
12417543
12417825
12418946
12421112
12423712
12423713
12428993
12433890
12434307
12435222
12435255
12440556
12440651
12441210
12441211
12447861
12448067
12449448
12451325
12455715
12461301
12461307
12468190
12471656
12471688
12475466
12476475
12478497
12479763
12482211
12482765
12486510
12488264
12495391
12500181
12505115
12509760
12512397
12513113
12515103
12516008
12517682
12521623
12521629
12523682
12527626
12528088
12529162
12529904
12540786
12540788
12542721
12544508
12544718
12544861
12545683
12549721
12549727
12549986
12556656
12556657
12558470
12559536
12561007
12566015
12566870
12566891
12570793
12574534
12574539
12580985
12584370
12585949
12586182
12590013
12594150
12595838
12599843
12599844
12600135
12602461
12605549
12605566
12605568
12613089
12615283
12615783
12615784
12616463
12617406
12619016
12619740
12620132
12622571
12623832
12624564
12624713
12628894
12630981
12635070
12636467
12639076
12639086
12640257
12640278
12643877
12643883
12643886
12643888
12648985
12652105
12652116
12655281
12656712
12658255
12661775
12661910
12663237
12667031
12667032
12667107
12667111
12668487
12669941
12669942
12669947
12670819
12671333
12671336
12673376
12673778
12674472
12675696
12678218
12678691
12678857
12679216
12679750
12680475
12683600
12684599
12684601
12690915
12691286
12693729
12693740
12695241
12695290
12695723
12695725
12695727
12697002
12699397
12701984
12701988
12702626
12703677
12704478
12708620
12708950
12709465
12710862
12713106
12713682
12714146
12714402
12714973
12715904
12716219
12719441
12720497
12720498
12723015
12723027
12723726
12724485
12729241
12729393
12731424
12731459
12732448
12732798
12735115
12735229
12735785
12736284
12737504
12738555
12738891
12739989
12740551
12740552
12740554
12742278
12742290
12742294
12745004
12745200
12745204
12745796
12748199
12748215
12748238
12748317
12749165
12751655
12751913
12751915
12762972
12764397
12764398
12766540
12766755
12767649
12769666
12771007
12772815
12774001
12774003
12776018
12780402
12782643
12783070
12783629
12783630
12783633
12783634
12787690
12793706
12795654
12796749
12796754
12797840
12800857
12801622
12803580
12804664
12804926
12806521
12808481
12808482
12808484
12808486
12809965
12812405
12815569
12815570
12818283
12820820
12820824
12821221
12821958
12823642
12824091
12826772
12826775
12826780
12826781
12826782
12826791
12831340
12832990
12834148
12834362
12834366
12836809
12840118
12842244
12849655
12851520
12853188
12853193
12853194
12853233
12857042
12858071
12858122
12858124
12858125
12859261
12860230
12862505
12864722
12866134
12867118
12867391
12871180
12872859
12873287
12875785
12877761
12879116
12881589
12882875
12885747
12888152
12888704
12898491
12899584
12902554
12904089
12906987
12912795
12914886
12915830
12915925
12916553
12918889
12923040
12923384
12923412
12924832
12932617
12933373
12934058
12943483
12943875
12944056
12945222
12954920
12956257
12957754
12958318
12959269
12959272
12964914
12967547
12968198
12972122
12974970
1345218
1345260
1366265
13678427
13678695
13678871
14499775
14500332
14500864
14504154
14508818
14511900
14517152
14522567
14529610
14530474
14530617
14557343
14557344
14561016
14562566
14562585
14563505
14563595
14563596
14564329
14575221
14580043
14583369
14585943
14587131
14597461
14601714
14602883
14615493
14626470
14638555
14644719
14644892
14657064
14678921
14678922
7472698
7475056
7487237
7506322
7507638
7509894
7526065
7527328
7528129
7532352
7539822
7545768
7546754
7546992
7547016
7549345
7549854
7551972
7553993
7555159
7557093
7562888
7572650
7586246
7587995
7599749
7599759
7600653
7601014
7601427
7607766
7611920
7614494
7614501
7614504
7621844
7631621
7639651
7642847
7642848
7642857
7642858
7648243
7649315
7649498
7649593
7654109
7656846
7657286
7662225
7662242
7664433
7664508
7669306
7669481
7695954
7702198
7717013
7717294
7719523
7721386
7721419
7721498
7722114
7722129
7723351
7723358
7726892
7731256
7731301
7737712
7738212
7738291
7743529
7745771
7751430
7752174
7752178
7755476
7755948
7759701
7774515
7774991
7775548
7779149
7782140
7783099
7786531
7786690
7794571
7798494
7798508
7801853
7806173
7814158
7824411
7826557
7828294
7830324
7832129
7832135
7835362
7835373
7840730
7843470
7850941
7851072
7852749
7856528
7856622
7857585
7860905
7864430
7867240
7871179
7876657
7887106
7887361
7887841
7889236
7897129
7898065
7900617
7900628
7903213
7903214
7903218
7908532
7910028
7910155
7911530
7914122
7915221
7915237
7915625
7916004
7917158
7917794
7923309
7923660
7926346
7929868
7930255
7942414
7944835
7950564
7950612
7957538
7963104
7963199
7963426
7973215
7975357
7976233
7977065
7977090
7979639
7982651
7988629
7990246
7992988
7994448
8004839
8004841
8005121
8006249
8006252
8006923
8012879
8013509
8016665
8018001
8018004
8018020
8021578
8021907
8023668
8031548
8033506
8033771
8037411
8039850
8042331
8044945
8045844
8046193
8053282
8058230
8061854
8062314
8066478
8070610
8074049
8074426
8077067
8087974
8106700
8107184
8111817
8136096
8142192
8144799
8147676
8148217
8149521
8150546
8151265
8152445
8154413
8155010
8162238
8173687
8173688
8173689
8173698
8175218
8176095
8176099
8179847
8181028
8182401
8186348
8192695
8199723
8202100
8203987
8205301
8210018
8252957
8259746
8262084
8263885
8269444
8276050
8279372
8279377
8281538
8282334
8288408
8299527
8300464
8301064
8301065
8303108
8304366
8306902
8307623
8522409
8532943
8535541
8535552
8546341
8550251
8550773
8553333
8554206
8556689
8557899
8562234
8568162
8572849
8573224
8573993
8574724
8575234
8576893
8579030
8580671
8586825
8590535
8600607
8602055
8604962
8605839
8607401
8607723
8608285
8608620
8610612
8614419
8615482
8621132
8621989
8622227
8622245
8628357
8629589
8636540
8638023
8640972
8641743
8642189
8643883
8644056
8651108
8656168
8656666
8659199
8664529
8665975
8667090
8673763
8674173
8677865
8677870
8680629
8682000
8682014
8682116
8682134
8682138
8693706
8694086
8694665
8694728
8695026
8701900
8703663
8704533
8706070
8706768
8707022
8707025
8707127
8724551
8725417
8726094
8728305
8728306
8729308
8730344
8732729
8733032
8733036
8733040
8733214
8736459
8737100
8737105
8737958
8738729
8750168
8750405
8752790
8762212
8763003
8767350
8772622
8772669
8772687
8775936
8777472
8792950
8793161
8794822
8797135
8798100
8800982
8808164
8817135
8821421
8826572
8831060
8831181
8834027
8840055
8840367
8842136
8842782
8843892
8855996
8857071
8857482
8862216
8869768
8877595
8879339
8879340
8879341
8879603
8879897
8880046
8880057
8889897
8892775
8894261
8894262
8901656
8902255
8904256
8913546
8914031
8915229
8916473
8916563
8927880
8929232
8929262
8933239
8935302
8937059
8941104
8941105
8941106
8948517
8960472
8960842
8960851
8968014
8970416
8972892
8973428
8973753
8973780
8973986
8973991
8984131
8985266
8986932
8988452
8994285
8998247
9004102
9005172
9008243
9008249
9010695
9013266
9015908
9019639
9031766
9033462
9038037
9038691
9039073
9041374
9042095
9042847
9043840
9046949
9048267
9048789
9049571
9050975
9052890
9053382
9054853
9057069
9057730
9067912
9068264
9071195
9080239
9080918
9082680
9088769
9088811
9098273
9104896
9104905
9105649
9107160
9107241
9107560
9113491
9114765
9114777
9120160
9129845
9129883
9133121
9133504
9133508
9137841
9140801
9141231
9143861
9148648
9159306
9163999
9164696
9165181
9168080
9169997
9170400
9174677
9175566
9181278
9182472
9185024
9191511
9191619
9199952
9200392
9200654
9205815
9205847
9205939
9207336
9207617
9207639
9212681
9213203
9215330
9217564
9217673
9218667
9218922
9219043
9222734
9224506
9226286
9229549
9230162
9230823
9231814
9234823
9236404
9236433
9243145
9244644
9251545
9251876
9253384
9257080
9259162
9260367
9263654
9269942
9270085
9280714
9282610
9284428
9285109
9289367
9292396
9293727
9296310
9296895
9298044
9307671
9311358
9313591
9315764
9315986
9316529
9323940
9324103
9327317
9329280
9330125
9335414
9336024
9337190
9337224
9339958
9340476
9342132
9342580
9347267
9352865
9352866
9352867
9352888
9352970
9354317
9356089
9359554
9361646
9361662
9362385
9377617
9377859
9381523
9382659
9383182
9383607
9391283
9391772
9395279
9397289
9400905
9402450
9403359
9404261
9408290
9408806
9411335
9416986
9416987
9428940
9431839
9438743
9440450
9441156
9442782
9443168
9443770
9444298
9444452
9447850
9453014
9456279
9456288
9457458
9462584
9463170
9468004
9468009
9483388
9484356
9489131
9490238
9493257
9495662
9501808
9504355
9505927
9506320
9508155
9512833
9519501
9524008
9527092
9531697
9532813
9539469
9540127
9542820
9544865
9544866
9545143
9547441
9551875
9551876
9553680
9554680
9557374
9562008
9562649
9563219
9567598
9570492
9571349
9571355
9575602
9581729
9585392
9591892
9591893
9591916
9593066
9593558
9595254
9599555
9605783
9607389
9607690
9617599
9622282
9623012
9626844
9629401
9629648
9630111
9631978
9631979
9633797
9633801
9633802
9634263
9639377
9643273
9645829
9645897
9649466
9657539
9657623
9658386
9660383
9660523
9663729
9663914
9663926
9665213
9665894
9669241
9672774
9673599
9675624
9675959
9679720
9683206
9683312
9700441
9700713
9702620
9702935
9707705
9710178
9715821
9715823
9717036
9720548
9731558
9732337
9732338
9732339
9734114
9737492
9738164
9741499
9741504
9743424
9743509
9750252
9755356
9759992
9761084
9762290
9764058
9777817
9783498
9789703
9791144
9794346
9794735
9799042
9803188
9803197
9808602
9809921
9809925
9809926
9809930
9814627
9814628
9818888
9819786
9820105
9823789
9824025
9830766
9833172
9836247
9853182
9854453
9856962
9857888
9866432
9870118
9870122
9874045
9878936
9886905
9890389
9890408
9894381
9918893
9924849
9926443
9928753
9931077
9932994
9934342
9952147
9973007
9988956
9989534
9989964
