10023901
10024335
10026704
10027660
10037456
10037537
10047626
10048703
10069684
10073746
10073863
10075142
10075395
10075964
10080498
10081301
10082999
10083575
10083765
10085441
10090113
10090116
10091815
10093013
10095181
10095800
10095816
10099070
10146336
10146648
10147032
10155198
10170450
10170452
10172696
10172918
10173046
10173126
10178490
10179907
10182195
10182252
10186462
10190398
10190536
10191973
10191975
10192685
10192749
10193729
10193730
10193731
10197299
10197301
10198923
10206830
10208500
10208998
10211353
10211536
10212010
10215754
10215758
10217372
10217377
10221321
10221367
10225769
10225774
10226769
10227772
10227773
10227774
10230580
10235694
10321422
10323355
10327772
10329064
10335757
10335764
10335771
10337451
10337501
10339027
10342343
10342818
10344068
10344609
10345158
10346426
10350664
10353071
10354197
10355866
10356659
10359730
10360474
10361905
10362210
10366279
10368773
10368879
10370746
10370979
10371111
10372447
10381291
10381298
10381299
10381854
10382332
10385458
10385491
10385495
10385497
10385633
10385779
10385780
10386503
10387386
10389000
10391399
10391420
10393380
10393675
10395630
10399983
10399998
10404843
10404924
10407502
10407505
10408031
10408999
10411845
10414931
10419438
10422491
10423597
10423661
10428291
10428737
10431658
10431661
10436251
10436712
10439497
10441090
10443573
10446437
10447220
10448609
10448768
10448784
10455083
10456002
10456618
10460940
10463714
10463718
10468086
10473485
10482141
10482143
10486692
10486694
10487494
10487500
10487795
10487800
10488970
10488971
10490827
10492062
10493153
10493319
10496299
10498131
10498134
10500066
10500601
10500602
10500900
10501272
10501408
10501818
10501825
10503169
10503814
10505300
10505301
10506395
10507807
10509851
10510951
10511025
10511919
10512503
10513779
10515287
10519734
10525118
10525119
10525120
10525131
10529318
10532516
10532684
10532693
10534139
10534222
10537435
10541773
10545439
10546006
10550412
10553644
10554675
10554705
10559508
10560473
10563066
10566571
10566573
10569303
10569329
10569335
10573325
10573494
10580441
10584091
10584766
10591387
10591388
10592547
10593310
10593311
10597756
10601131
10608479
10610245
10610464
10610568
10612296
10612322
10613627
10613632
10614803
10617243
10618558
10620739
10622068
10624080
10626120
10627270
10627271
10627888
10629395
10631627
10632286
10632823
10632825
10636252
10636263
10636265
10637210
10639300
10639539
10644862
10644914
10645752
10656300
10657561
10657578
10662743
10664901
10665124
10668836
10668858
10673735
10674411
10676597
10676770
10680023
10680028
10680048
10680049
10680050
10682163
10685126
10686445
10686642
10690964
10692286
10692735
10692755
10700443
10702889
10703153
10703816
10704621
10704623
10704632
10709162
10709776
10709902
10710119
10710121
10713909
10715431
10715475
10716454
10719651
10720052
10728955
10732848
10732883
10732886
10732887
10736278
10740137
10740160
10742707
10743305
10743480
10743692
10745972
10750701
10760335
10761170
10762175
10769417
10770975
10772372
10774784
10781516
10781640
10781642
10783009
10785846
10787185
10792204
10792556
10795665
10796009
10797611
10799012
10801994
10806282
10809995
10811520
10812143
10813375
10817086
10819700
10822898
10823314
10824361
10824369
10826894
10829251
10831029
10843815
10846948
10849014
10849941
10852435
10852642
10852644
10852999
10853881
10856525
10856535
10856536
10857949
10857969
10860137
10862572
10862587
10863943
10865931
10867084
10867087
10867089
10867091
10867097
10877038
10879415
10879416
10880660
10881890
10881898
10882353
10889125
10890264
10890267
10898118
10901509
10904919
10907971
10908244
10910028
10910373
10912308
10912491
10913488
10913499
10914753
10918670
10919369
10922421
10922429
10924289
10924713
10924726
10924737
10925336
10925339
10927723
10927735
10929930
10932925
10933291
10933343
10933350
10933353
10933514
10934672
10936933
10939028
10939029
10939556
10942738
10945714
10945715
10945716
10945717
10945718
10945727
10945729
10946033
10946527
10947198
10947889
10952477
10952837
10952945
10952951
10953258
10953872
10954339
10954957
10955373
10959773
10961170
10963717
10964582
10971313
10972631
10974215
10975586
10976657
10979113
10979886
10980214
10980845
10980910
10980911
10980912
10983019
10983656
10984551
10985515
10987582
10987598
10987719
10988008
10988016
10988199
10992997
10995396
10995974
10996333
10996358
10998478
10998481
10998482
10999492
10999994
10999995
11005703
11006798
11006802
11009268
11009276
11009292
11011217
11011346
11011861
11012550
11012570
11015169
11016019
11018193
11018196
11018199
11023927
11028504
11029845
11030197
11030791
11030795
11031077
11031398
11034934
11034935
11036120
11039939
11039962
11041122
11044760
11044791
11050781
11050782
11053704
11054511
11054628
11056097
11058714
11060668
11060717
11060827
11060828
11061279
11061362
11065222
11067569
11068074
11070567
11070569
11073755
11074745
11075313
11075741
11077897
11078228
11078229
11078237
11078282
11078305
11079660
11086336
11088079
11089820
11090787
11090801
11092112
11092643
11092646
11095163
11104736
11108325
11108410
11110349
11110741
11111097
11111822
11113401
11114960
11115225
11121593
11122685
11122690
11122719
11122746
11122756
11123452
11123842
11123843
11123844
11123846
11126839
11127936
11128187
11128243
11129127
11129129
11130218
11130382
11130523
11134659
11134806
11137095
11137513
11137806
11137829
11137832
11139091
11141142
11144997
11152019
11152850
11153749
11157682
11157683
11157685
11157690
11158224
11159815
11161942
11163746
11165421
11165956
11165973
11166775
11166784
11169596
11171785
11173182
11176209
11176731
11177154
11177653
11179260
11179541
11181465
11182189
11185669
11187857
11191718
11194239
11195599
11195601
11198621
11198624
11199329
11200090
11202535
11202630
11204308
11208246
11211013
11213855
11213860
11214768
11216330
11218969
11219479
11220455
11220553
11221271
11223435
11223444
11223448
11223999
11224003
11225741
11227051
11228031
11228171
11229669
11230838
11230855
11231429
11238162
11238259
11238289
11238469
11239793
11242427
11244205
11245405
11245504
11249510
11249778
11249916
11252110
11253464
11254756
11254910
11254911
11254918
11257264
11257816
11258146
11259136
11259143
11259146
11259687
11259986
11260410
11260433
11261530
11263601
11263847
11267254
11267373
11270314
11270938
11274247
11276395
11277469
11277825
11279658
11281812
11281851
11282901
11282915
11285042
11285716
11286151
11286152
11286153
11286466
11286949
11288962
11291836
11293392
11293393
11293552
11293560
11293642
11295953
11295957
11295958
11296612
11300446
11302109
11302410
11302415
11303007
11303693
11305526
11305529
11305530
11305994
11306519
11306521
11307620
11309029
11310195
11310513
11311587
11315826
11317474
11317478
11317483
11318080
11320358
11320359
11320369
11320381
11321864
11322858
11324372
11324679
11327196
11329860
11336101
11336576
11336596
11336617
11336625
11336628
11342472
11342801
11343673
11344588
11348605
11349008
11349614
11350107
11352694
11356390
11356393
11356400
11356401
11357922
11358645
11359190
11361054
11368702
11368705
11369681
11372014
11374422
11375257
11376298
11376301
11376309
11376310
11376633
11377469
11377639
11383757
11386264
11386889
11388317
11389707
11391028
11391041
11393378
11394370
11395029
11395334
11397506
11398906
11401927
11403364
11403502
11403509
11403756
11403761
11405194
11405397
11405825
11406909
11408299
11413075
11413940
11417585
11420583
11421562
11423051
11423053
11423054
11424897
11425277
11428472
11428488
11428539
11428822
11428834
11428852
11429490
11430324
11434828
11434833
11435339
11437691
11438554
11440285
11440286
11440296
11440491
11440749
11444086
11444576
11448316
11448418
11448728
11448925
11450211
11451296
11452674
11452676
11452711
11453971
11454008
11455241
11455843
11457739
11457751
11465962
11466161
11467215
11467307
11468195
11468198
11468643
11471769
11471927
11472705
11472706
11472710
11472741
11472743
11473066
11473096
11474227
11475783
11477342
11479456
11479458
11481566
11483446
11485143
11485144
11485701
11487446
11488782
11494031
11495047
11497338
11498182
11500190
11501219
11501230
11502313
11503831
11504577
11504982
11505177
11507323
11507334
11511118
11514481
11522100
11523726
11524031
11524058
11524554
11526345
11526915
11528008
11529594
11529595
11530028
11531002
11545752
11545771
11547217
11549708
11550660
11551003
11555537
11558479
11558482
11559693
11560203
11562276
11563401
11564386
11564402
11569948
11570656
11570952
11571421
11571478
11571816
11572739
11574788
11575709
11575710
11575711
11577798
11578152
11578706
11578788
11578794
11582622
11583063
11583472
11583643
11583720
11583721
11583725
11583742
11585023
11587400
11588412
11588526
11591618
11594247
11594253
11594254
11599653
11600564
11600819
11601667
11602062
11604563
11605688
11605698
11641483
11668222
11675082
11675517
11675906
11676300
11676303
11676951
11676957
11678788
11679405
11683781
11684077
11684078
11684632
11689228
11693468
11696467
11700538
11703619
11703953
11703958
11704711
11705478
11705583
11705814
11707010
11707240
11709192
11711002
11711005
11712826
11712864
11714084
11714208
11714215
11716156
11716837
11717980
11718459
11720280
11721672
11723009
11723015
11723099
11724206
11725812
11727350
11727466
11728245
11728357
11728362
11728917
11730394
11730833
11731186
11735317
11735640
11735645
11735736
11737581
11738123
11738278
11738308
11738332
11738334
11739979
11741564
11748098
11748225
11749112
11750563
11751664
11753902
11755921
11755933
11755936
11755944
11756992
11757504
11758073
11758079
11758081
11759948
11760542
11763158
11763159
11764864
11765297
11765310
11770860
11770871
11772284
11772290
11772294
11772295
11772305
11772316
11772420
11772421
11773670
11773716
11773719
11774104
11777291
11779513
11779522
11779527
11781127
11783599
11786112
11786154
11786451
11786505
11786509
11788002
11790688
11790969
11790971
11792128
11792134
11792135
11792349
11792351
11793629
11794427
11794460
11795072
11799261
11801860
11801863
11807300
11808936
11809001
11809427
11811718
11812397
11812402
11812672
11814176
11816268
11816337
11818357
11818488
11819151
11821324
11821696
11821701
11822972
11823672
11824669
11825315
11825316
11825336
11829081
11829698
11830753
11831543
11831546
11831837
11833826
11834769
11834772
11835043
11835933
11835951
11835959
11836262
11836286
11839623
11840884
11840912
11843691
11843693
11844650
11845103
11845111
11847951
11849201
11849647
11849659
11849660
11849859
11851538
11851868
11852667
11854133
11856903
11856905
11860367
11861438
11863310
11865968
11866679
11867043
11867924
11868059
11868800
11871921
11872916
11872991
11873000
11873095
11874384
11875296
11875327
11875588
11879274
11879671
11885403
11886300
11887555
11887556
11888350
11888360
11888512
11888983
11889008
11890163
11890840
11892686
11892913
11893827
11894724
11895049
11895060
11895826
11897207
11897208
11897431
11897445
11899129
11902822
11907366
11908249
11909575
11909576
11910595
11910873
11911562
11911755
11911905
11913471
11914249
11914253
11916536
11918519
11918622
11918754
11919129
11926698
11926875
11926876
11927515
11927522
11927795
11932263
11932481
11933922
11934339
11935713
11936540
11936570
11937434
11937774
11939134
11942772
11942773
11947910
11947912
11947915
11948705
11950378
11950425
11952022
11952885
11957568
11958392
11959219
11959239
11959338
11959339
11959343
11959344
11960327
11964921
11965265
11966402
11966668
11971940
11971941
11972540
11975764
11975844
11976073
11976074
11976075
11978140
11978147
11978227
11978260
11978263
11978950
11981263
11982746
11982954
11984212
11984215
11989073
11994377
11996199
11996608
11996626
11996943
11996956
11996957
11999665
12000046
12002257
12006915
12006916
12007681
12009719
12010563
12014432
12015788
12017224
12017409
12017803
12018562
12018641
12018878
12019599
12020174
12020249
12020481
12020548
12021218
12021938
12022381
12024336
12027926
12027977
12028227
12028504
12028507
12028600
12029003
12029990
12031698
12031729
12031735
12031821
12031849
12032266
12032397
12034651
12035870
12036426
12036521
12036525
12038594
12039487
12039998
12040732
12040967
12043936
12044582
12044585
12044587
12045159
12045375
12046033
12047796
12048120
12048134
12048142
12052144
12052268
12052271
12052282
12052467
12052475
12053648
12054084
12054090
12056584
12056919
12058793
12058813
12059987
12059988
12060980
12062375
12062731
12062737
12064258
12067933
12067936
12069369
12069671
12069677
12071579
12071780
12072338
12072574
12073695
12073858
12074206
12074332
12075242
12075248
12076217
12076230
12076239
12077562
12079440
12079617
12081213
12081988
12083733
12086554
12086556
12087019
12087021
12087027
12087035
12088769
12088778
12088789
12090553
12090723
12090746
12090862
12090974
12091000
12091755
12091773
12095313
12096273
12096274
12098920
12099323
12099325
12099384
12103251
12103255
12103306
12104065
12105139
12105140
12106834
12106843
12106845
12106850
12106851
12106856
12106923
12106924
12107216
12109340
12110017
12110758
12111013
12111445
12113263
12113597
12114036
12114037
12116743
12116890
12117017
12118183
12118490
12118834
12118900
12119202
12120281
12125500
12126219
12126462
12127376
12127616
12127920
12132975
12132976
12133763
12134620
12135935
12137409
12137445
12137448
12137559
12138263
12138411
12142124
12145148
12145176
12147960
12149041
12150693
12151856
12151857
12151864
12152989
12153549
12153554
12162466
12162932
12162933
12163127
12163182
12163444
12164161
12164995
12166344
12167391
12168612
12169073
12172500
12172771
12176592
12176600
12176948
12176951
12177634
12181210
12181212
12184961
12186124
12186809
12187312
12191598
12193764
12196129
12196332
12197306
12199980
12200817
12201488
12201623
12202841
12204790
12204802
12204807
12204809
12205648
12207553
12208152
12208171
12208415
12208470
12208479
12208481
12208482
12208585
12208794
12208795
12208797
12211217
12211221
12212758
12215067
12215193
12215472
12215610
12222546
12222700
12223056
12224342
12224668
12224718
12225707
12227864
12228849
12231607
12233907
12234946
12235098
12235178
12236852
12236985
12241128
12243373
12243374
12243615
12243846
12269853
12270465
12270846
12270864
12296991
12298341
12325048
12325099
12325106
12325110
12349850
12351996
12352024
12353340
12353945
12354174
12354446
12354476
12355111
12356379
12356386
12356387
12356389
12356401
12356402
12356403
12356647
12356809
12357127
12358579
12360153
12360164
12361185
12361824
12361836
12362926
12362931
12364554
12365855
12366601
12368073
12369881
12370211
12370451
12371982
12372576
12372577
12372582
12374252
12374669
12375804
12379573
12381235
12381246
12381248
12381252
12383389
12383588
12384626
12385592
12386502
12387706
12389871
12389877
12389882
12390056
12390104
12390557
12390944
12390953
12391360
12391603
12392286
12392587
12394319
12394329
12394605
12394655
12395203
12396226
12398573
12398818
12398959
12398960
12398969
12399758
12400150
12401142
12401406
12402412
12402992
12403985
12405570
12405574
12406030
12407821
12409741
12410084
12410168
12410906
12411646
12411985
12412817
12414463
12414837
12416740
12417288
12417534
12417823
12417825
12417826
12417829
12418578
12419552
12419937
12420192
12420194
12421100
12421115
12422142
12423708
12423718
12424866
12424868
12424869
12425182
12425372
12427413
12427649
12429006
12429870
12431639
12433505
12433885
12434726
12436350
12436750
12437408
12437496
12437499
12437511
12438948
12438974
12439201
12439225
12439437
12439630
12439660
12439735
12440192
12441884
12441885
12441886
12441887
12441889
12441891
12441896
12444184
12444536
12445025
12446053
12446061
12447357
12450605
12451319
12451426
12451430
12453566
12454325
12454344
12457780
12457784
12459073
12460045
12460866
12460867
12460961
12460995
12461482
12462519
12463722
12463730
12466006
12466341
12467639
12468195
12469998
12470209
12470982
12471656
12472040
12472041
12472373
12473249
12473253
12473254
12473255
12473258
12473877
12475448
12475449
12478088
12478495
12478816
12479491
12479764
12479771
12480041
12480043
12480044
12480052
12481201
12481202
12481542
12482559
12482568
12483466
12483541
12485557
12485562
12486428
12486429
12487148
12488647
12489273
12490687
12492223
12492458
12493130
12493414
12493534
12494951
12495163
12495166
12495278
12495286
12498006
12498007
12498009
12498010
12499611
12499612
12500022
12500883
12501010
12502921
12503944
12504665
12505111
12505120
12505222
12505223
12505224
12505225
12505250
12505562
12505564
12505568
12505569
12506780
12507200
12507668
12508907
12509366
12509760
12510011
12510391
12510951
12511114
12511759
12514649
12514650
12514651
12515734
12515739
12515749
12517257
12517273
12517361
12519819
12520824
12521635
12522461
12523463
12523682
12525719
12528318
12529091
12529900
12532169
12534315
12534325
12534331
12534449
12534645
12535740
12535744
12535759
12535822
12537169
12538418
12538423
12538425
12538446
12539808
12539990
12540794
12542719
12543298
12544413
12545342
12546641
12546864
12547874
12548082
12549983
12549990
12551853
12551863
12551866
12551869
12553491
12553742
12556541
12556656
12556657
12558496
12559221
12562305
12562722
12563563
12563570
12564455
12565097
12567159
12568290
12569241
12570713
12570936
12570960
12571693
12572539
12572627
12572632
12573191
12573192
12573193
12574532
12574533
12574539
12576762
12578509
12578514
12578881
12580184
12580993
12580994
12581326
12581545
12582448
12582450
12584671
12586255
12586267
12588540
12588574
12590226
12590901
12591845
12592082
12593493
12594645
12595055
12595916
12596356
12597264
12598136
12598874
12600918
12602373
12602538
12603176
12603188
12603254
12605558
12605562
12605563
12605567
12605568
12605572
12605757
12606523
12606925
12609587
12610743
12611741
12611742
12612852
12612871
12612979
12613230
12614193
12615272
12615276
12615850
12615984
12618273
12618561
12618643
12620535
12624557
12624559
12624564
12625030
12625594
12626213
12627404
12628031
12628358
12630585
12633795
12634877
12634978
12635468
12635864
12636343
12637115
12637977
12639175
12639194
12639199
12639883
12640189
12640509
12641482
12642064
12643070
12643184
12644139
12644150
12646936
12648032
12652161
12652162
12652163
12655157
12655280
12656644
12656649
12657430
12659359
12659599
12659977
12659988
12659994
12660532
12660659
12661042
12662125
12663406
12663600
12665389
12665416
12665424
12667121
12667571
12667578
12668486
12669727
12672343
12672737
12675696
12676174
12678210
12678218
12678574
12678682
12678859
12679222
12679223
12679230
12679753
12679760
12680480
12680984
12682802
12683265
12685616
12686031
12686036
12686335
12686348
12689687
12690915
12690917
12692746
12693729
12693732
12695460
12695469
12695723
12695727
12698208
12698311
12699071
12699073
12699074
12699076
12699077
12700376
12701338
12701787
12701992
12704478
12704978
12707064
12707251
12710288
12710848
12711884
12713683
12713763
12713766
12714109
12714124
12714133
12714156
12714159
12714164
12715145
12716220
12717402
12717482
12719279
12720487
12720497
12722551
12723464
12725884
12727001
12727151
12727577
12727581
12728973
12729396
12732381
12732396
12732798
12735230
12735237
12739307
12740000
12740551
12740553
12740554
12741415
12741437
12742282
12742802
12742999
12743334
12743640
12745107
12745113
12745796
12746442
12746636
12748238
12749507
12752842
12753880
12754715
12755126
12756041
12756145
12756147
12756427
12756561
12756679
12761259
12761262
12763512
12763513
12763516
12763518
12765509
12767421
12767434
12767534
12767951
12768071
12771114
12773075
12773078
12775947
12775948
12775949
12777316
12783420
12783592
12783629
12783634
12789600
12789870
12791748
12792664
12793598
12793855
12796749
12796760
12797474
12798444
12798569
12798570
12798839
12800452
12800463
12800468
12800478
12801602
12801612
12801618
12801620
12801625
12802815
12802842
12804701
12804728
12806569
12808877
12808879
12809960
12809965
12811417
12814710
12814712
12815379
12815556
12816020
12817528
12818407
12819995
12820814
12821213
12821221
12822200
12822202
12824720
12826791
12826933
12828227
12829553
12829554
12831816
12835406
12836860
12836863
12837046
12838521
12838983
12838988
12838990
12839042
12841204
12841820
12842237
12842255
12843167
12844470
12845248
12845391
12846506
12847415
12848779
12849290
12851516
12852707
12858078
12858127
12859032
12859159
12860210
12860216
12860491
12860867
12860911
12860913
12862032
12868997
12871130
12873852
12876093
12876098
12877794
12879992
12885101
12885571
12885745
12888133
12888137
12888140
12888149
12888150
12888702
12892391
12893392
12893398
12893402
12895195
12899509
12904106
12904142
12904155
12904707
12904816
12906976
12908497
12911845
12911850
12912693
12914359
12915827
12915931
12918548
12918888
12925055
12925453
12928279
12932588
12932601
12932603
12934785
12938249
12939228
12940609
12941576
12941579
12943890
12944570
12945474
12952839
12953339
12954916
12957096
12957104
12957331
12957768
12959299
12963641
12967330
12967531
12968198
12968995
12970329
12970413
12972104
12972108
12972114
12975259
12975438
12975445
13129994
1341189
1345159
14499232
14500332
14501025
14503013
14503906
14504184
14505289
14506118
14509100
14511903
14515113
14516878
14517149
14517152
14518081
14518613
14522569
14525878
14528286
14529367
14529370
14529594
14550919
14551064
14557343
14558433
14561376
14563343
14564305
14564313
14564329
14568745
14568856
14568892
14573737
14576420
14579811
14579987
14581396
14582446
14582452
14582453
14582454
14583366
14583367
14583368
14601690
14602771
14604738
14604742
14605034
14606112
14609996
14611010
14613259
14613355
14623791
14626470
14627172
14627186
14636780
14638524
14638526
14644934
14645303
14650474
14652963
14657430
7475814
7478073
7478355
7482835
7484829
7484908
7485045
7488443
7489845
7494938
7494939
7500065
7500507
7502550
7503003
7517829
7517835
7517836
7521386
7555484
7555549
7562885
7563487
7566020
7566029
7566298
7568903
7570232
7570971
7573090
7575771
7578166
7583826
7585842
7585861
7586300
7586338
7586340
7588915
7589011
7589044
7594023
7598133
7605354
7605391
7606066
7606882
7608323
7611141
7611143
7611158
7611159
7611249
7614520
7618632
7619678
7619944
7621303
7628131
7631459
7636533
7637480
7637722
7638696
7643027
7646575
7648234
7652773
7652779
7652781
7652960
7652961
7653179
7653447
7653448
7653449
7656097
7657845
7658290
7661873
7661884
7662446
7663036
7664501
7664504
7665720
7667166
7669080
7669084
7670749
7670752
7670753
7671358
7674695
7677557
7695166
7695184
7695185
7695217
7696283
7697684
7697857
7698042
7698516
7700285
7701502
7702060
7702230
7704289
7706943
7710266
7711417
7712482
7715916
7717016
7722549
7725511
7728297
7729012
7730777
7730896
7733005
7734010
7735713
7735716
7737266
7741833
7742151
7743614
7743787
7743788
7746058
7746199
7751423
7751822
7752281
7752405
7758262
7760966
7761664
7762089
7762498
7762499
7765570
7768495
7771954
7773032
7774989
7783286
7784310
7788650
7788948
7791813
7791863
7792841
7792848
7792916
7793393
7793401
7793402
7793403
7793410
7793412
7793414
7793415
7793418
7798816
7798847
7801861
7809382
7811124
7812496
7813167
7823749
7826828
7830728
7830729
7830734
7832145
7836550
7846795
7848022
7851467
7856175
7856526
7856612
7857367
7858908
7859227
7859238
7859242
7859805
7863988
7864934
7868973
7871179
7871285
7873090
7875191
7875999
7877544
7879252
7882060
7883839
7885109
7885110
7886707
7886711
7887382
7887403
7888259
7888289
7890014
7890015
7898078
7898227
7900667
7902394
7911877
7915369
7917813
7923304
7925476
7926550
7930373
7932517
7935702
7937416
7940820
7940824
7940825
7942524
7942538
7942548
7951551
7952912
7954413
7955780
7957515
7957541
7964434
7964545
7964884
7966875
7968073
7977011
7979841
7986302
7986315
7987882
7989870
7991041
7992293
7997016
8001298
8001304
8002861
8005129
8007738
8014585
8017448
8023779
8026027
8031204
8031206
8033951
8036706
8038303
8039527
8041244
8044919
8050207
8050214
8054965
8054972
8060425
8062305
8067175
8067656
8070502
8076581
8078332
8086488
8087964
8089776
8093139
8106688
8106695
8107933
8108314
8109547
8112375
8115891
8117177
8120870
8122478
8122946
8124836
8148715
8149518
8149677
8154645
8157036
8162627
8166080
8166438
8172091
8179675
8180510
8182841
8184812
8185133
8187355
8192170
8193425
8196151
8198043
8198930
8199696
8200011
8205598
8205659
8208513
8209875
8246234
8252687
8257447
8262165
8264145
8267492
8269217
8269456
8276043
8279377
8279987
8283930
8285861
8287162
8287511
8288727
8290485
8295321
8296701
8297223
8301234
8311595
8312683
8312689
8520093
8520448
8520845
8520846
8521762
8529086
8529087
8530597
8531288
8531308
8534671
8538301
8538331
8540464
8540887
8543958
8546093
8546123
8547405
8549941
8554498
8554733
8556689
8560901
8564589
8568017
8570427
8571098
8575912
8580613
8584066
8585875
8590530
8595642
8597317
8602715
8604188
8609365
8610621
8610922
8614809
8615304
8615705
8616937
8618353
8623732
8626228
8628597
8629587
8629655
8633373
8635258
8635262
8636668
8637293
8637349
8639010
8641021
8642715
8642723
8644987
8650428
8650638
8651835
8653869
8654109
8656168
8658343
8663599
8667843
8672984
8678079
8678327
8686314
8686956
8688757
8690811
8690818
8706591
8706596
8707385
8708586
8708587
8712148
8713484
8713485
8718452
8719939
8721786
8721787
8721797
8722437
8723592
8725976
8726243
8726600
8728350
8729585
8729586
8729587
8729588
8729590
8729591
8729902
8730343
8735678
8736620
8737199
8737761
8739021
8743904
8744535
8746603
8750244
8750245
8750248
8750249
8750250
8750251
8750252
8752184
8752186
8769685
8770319
8772621
8772679
8773342
8774625
8775472
8781465
8782844
8795167
8800496
8801396
8801446
8801868
8806337
8808497
8809507
8809516
8815751
8816723
8819689
8820097
8820770
8824106
8829016
8829023
8829110
8830937
8831932
8832603
8840302
8840836
8843892
8844442
8845726
8847874
8853585
8857479
8857853
8860062
8860708
8860713
8862101
8862691
8864316
8864962
8865302
8865916
8866629
8872133
8873668
8874986
8875112
8875973
8876936
8877024
8877677
8878387
8879334
8879953
8881840
8882381
8883496
8891888
8904621
8904672
8905205
8906896
8909899
8913414
8915817
8916484
8916658
8917325
8918276
8918503
8920175
8926908
8929256
8930429
8937448
8937525
8946135
8946557
8952866
8960446
8962211
8962554
8964646
8967704
8967711
8968448
8970428
8970497
8970607
8974212
8974213
8979121
8983865
8985259
8989104
8990341
8992351
8993943
8994481
8997473
8998104
8999328
9003110
9006803
9008444
9009414
9010366
9011785
9013093
9024745
9026840
9028747
9034751
9036802
9039919
9039920
9043838
9043839
9046759
9049510
9050817
9051704
9054772
9054840
9062827
9068221
9069523
9070199
9070554
9072285
9072290
9076662
9077372
9078811
9086443
9088584
9094885
9096917
9096961
9096989
9099167
9100140
9101013
9104901
9105566
9107233
9110440
9114767
9114914
9115054
9117137
9117138
9117139
9117143
9118815
9118820
9122535
9125320
9126664
9127708
9129860
9129869
9130876
9133510
9134232
9137901
9140266
9141968
9149652
9150246
9152263
9156156
9158202
9158261
9158627
9158630
9158824
9159603
9160173
9162604
9162756
9164896
9164913
9165562
9175401
9175404
9180238
9180240
9182655
9183229
9184704
9184709
9184710
9185636
9185802
9187418
9187828
9191492
9192327
9192484
9193431
9195116
9195119
9199267
9199281
9201001
9201004
9202359
9202362
9205017
9205026
9205036
9205850
9207626
9208077
9208356
9215232
9217621
9217673
9220213
9220221
9222121
9223386
9223394
9223762
9226599
9227708
9228438
9229398
9229399
9229400
9229401
9229402
9229403
9230143
9237640
9241092
9241100
9241623
9243155
9244193
9244208
9252790
9253390
9253540
9254045
9254075
9257049
9257052
9257071
9257079
9258416
9260485
9263665
9264419
9264420
9264433
9264434
9265282
9268234
9270980
9271481
9271817
9272889
9290755
9293439
9294990
9296289
9296641
9297070
9312763
9313298
9314647
9315428
9315523
9315596
9315597
9315598
9316510
9323100
9327830
9337222
9339964
9342581
9343498
9348749
9349402
9349932
9351079
9353492
9354305
9359537
9362407
9365661
9368582
9369038
9374129
9377592
9377621
9377955
9379151
9381994
9382659
9388100
9388128
9395280
9395824
9399600
9402435
9402441
9402444
9402445
9402446
9403282
9403876
9404223
9405913
9408513
9408716
9412771
9412773
9412774
9412777
9412778
9412944
9415344
9416875
9416884
9416886
9416913
9417765
9420339
9421099
9424603
9428469
9428949
9428952
9430375
9431828
9437275
9437409
9441587
9451475
9454018
9456442
9456448
9456452
9457149
9458414
9462596
9462599
9462602
9462603
9466141
9468077
9472843
9472853
9474468
9474997
9475827
9476029
9476046
9483717
9484618
9485553
9487230
9487235
9489067
9490233
9491945
9497506
9500689
9503169
9504445
9505147
9505908
9509055
9512650
9514453
9514454
9514463
9517370
9520115
9521221
9528716
9528717
9528731
9529261
9530546
9531695
9534058
9534865
9538988
9544745
9545143
9546501
9546972
9547437
9547438
9549635
9551029
9551706
9551707
9552949
9555684
9555782
9555954
9566646
9568741
9568752
9570187
9571327
9576422
9576423
9576424
9576425
9576433
9585373
9585392
9589824
9590460
9591525
9593078
9593550
9595134
9595713
9600480
9603532
9603548
9603698
9610529
9612486
9613910
9613915
9615912
9620098
9622140
9626835
9627154
9629123
9636530
9638964
9639958
9643764
9645507
9646098
9646619
9646621
9648053
9649013
9651560
9651568
9651906
9652566
9653591
9663363
9663369
9663810
9663814
9665425
9666222
9666952
9669241
9669262
9671003
9671004
9671005
9671014
9671018
9673599
9673745
9676722
9678767
9678976
9683056
9684746
9685274
9690949
9690952
9692657
9693942
9697820
9699886
9699902
9702933
9704163
9706127
9708659
9710685
9712327
9713078
9717348
9721772
9722499
9722787
9723378
9723390
9723640
9723817
9725547
9725552
9727666
9729143
9732899
9732913
9738605
9738634
9738637
9739497
9741509
9757381
9758309
9759748
9761083
9762380
9763118
9764046
9766701
9767373
9773745
9777289
9778197
9783644
9784451
9784452
9787748
9790411
9790412
9790415
9792257
9793596
9801932
9804052
9806100
9807971
9808592
9809932
9812207
9812209
9816194
9816550
9820992
9822090
9822880
9823789
9825949
9826956
9826960
9830386
9834769
9841303
9841599
9842411
9843456
9845852
9851392
9852713
9856659
9856919
9859160
9861520
9863541
9868585
9868591
9869855
9874052
9879865
9884398
9884814
9884817
9885777
9892586
9893719
9894706
9917082
9917116
9918521
9920511
9922713
9923885
9927392
9928746
9929747
9929751
9932614
9935018
9949762
9972199
9987704
9988300
9988781
9989373
9989597
9989677
9989957
