10068412
10082152
10085698
10097930
10178657
10178668
10193691
10199430
10213347
10229308
10332683
10333912
10333939
10333958
10337452
10359389
10363530
10372240
10379630
10388978
10400405
10406828
10416947
10426848
10427465
10430816
10436254
10436259
10445835
10454950
10465860
10466661
10476312
10480768
10483287
10487540
10491414
10496299
10501822
10510156
10520444
10526729
10534139
10547208
10547209
10558125
10566126
10566566
10576528
10587839
10593133
10594485
10605995
10611897
10631622
10641958
10643211
10663449
10664920
10688395
10691158
10718777
10746009
10746824
10776834
10784228
10806608
10817086
10818026
10819233
10820647
10823010
10834429
10857945
10857959
10868832
10868864
10877006
10894443
10895850
10905487
10907625
10929931
10934787
10937510
10937524
10969849
10972579
10975046
10977012
10983737
11019600
11023137
11030470
11031747
11036118
11036125
11060717
11060747
11070748
11092289
11116534
11129129
11130936
11136298
11168335
11185672
11194214
11194240
11194245
11200307
11200947
11214781
11220549
11225164
11225747
11228758
11232737
11257323
11273476
11277315
11289470
11289484
11301562
11305519
11315840
11315844
11315848
11336617
11353879
11375357
11376359
11394726
11402628
11410214
11421558
11423506
11448655
11449877
11450504
11460818
11467343
11472451
11473038
11473078
11475233
11475269
11496727
11520304
11525087
11529585
11534426
11547217
11553186
11553190
11560198
11563410
11569941
11574430
11574434
11577798
11585005
11678967
11678974
11679464
11692183
11715152
11716156
11724081
11724096
11726007
11728565
11735640
11735645
11751665
11763159
11763160
11772918
11790216
11790217
11800292
11815505
11815507
11824428
11833837
11837468
11837705
11860348
11869171
11872684
11874430
11875249
11884761
11894443
11896745
11903411
11903412
11903417
11919121
11921502
11939753
11951812
11952881
11978249
12040862
12041635
12041735
12043953
12047396
12047399
12071108
12074206
12076188
12083976
12086556
12093468
12099312
12099966
12116051
12143325
12147149
12149047
12196422
12196435
12207812
12212016
12212341
12351462
12351470
12365465
12365467
12365468
12380632
12380634
12385492
12389879
12390047
12393300
12401757
12406033
12412817
12423711
12437315
12437490
12442064
12452739
12453948
12453951
12461471
12467917
12469695
12472202
12473527
12519086
12520624
12520632
12523675
12524280
12542723
12547850
12549986
12556541
12558728
12571611
12580986
12589230
12602406
12602474
12610054
12616669
12637120
12637977
12648023
12663588
12674170
12674176
12679603
12685221
12685875
12711836
12725705
12749508
12773078
12789615
12795025
12797714
12808879
12808887
12809451
12814458
12817528
12822388
12828829
12828830
12852703
12852706
12859222
12882864
12885108
12918894
12940610
12974145
14526261
14613469
7479199
7486486
7555472
7555484
7556806
7587846
7587856
7589771
7589820
7601013
7623902
7648802
7657854
7662219
7667166
7697692
7698517
7705380
7733122
7768272
7777712
7781667
7821127
7821128
7821133
7821171
7825173
7833731
7836551
7843470
7848543
7851069
7858767
7859936
7862618
7879817
7882817
7886271
7895460
7895463
7926425
7942982
7958542
7960692
7988301
7988624
7988780
7991936
8003091
8015532
8021573
8025207
8033529
8043894
8044938
8053971
8056129
8077888
8082525
8111800
8111803
8112185
8112483
8200602
8260118
8269445
8313208
8521759
8529760
8554206
8556690
8568117
8590785
8593925
8596760
8642720
8656173
8684103
8684512
8690177
8690621
8718436
8726592
8732716
8737030
8739909
8742566
8742572
8742586
8750768
8767351
8773160
8799649
8842603
8842604
8842609
8846678
8848822
8853933
8866563
8874372
8875112
8888072
8888075
8895047
8908377
8908379
8908409
8913408
8941458
8944206
8949976
8960852
8960854
9024742
9026680
9055142
9059766
9068933
9069587
9069698
9075819
9096964
9096986
9105542
9114921
9135927
9135928
9143853
9146849
9159660
9162613
9167112
9184703
9186077
9195119
9212313
9222648
9223393
9239399
9250558
9279533
9283792
9290539
9300232
9313749
9313756
9340472
9353625
9403288
9404682
9405908
9440664
9447960
9454524
9463023
9469681
9492120
9517374
9519749
9533980
9538962
9538975
9545119
9551006
9561345
9571345
9585393
9585394
9589224
9589246
9594432
9623011
9653594
9653611
9685916
9702426
9702849
9727892
9732337
9739505
9742976
9742977
9750481
9762378
9789590
9797183
9802740
9802745
9812648
9833950
9834926
9836523
9836525
9853636
9881243
9932219
9972673
9989540
